0.21753999999999998
0.10168
0.08385999999999999
0.07729999999999998
0.0687
0.06491999999999999
0.06395999999999998
0.06446
0.06391999999999999
0.06068
0.061739999999999996
0.060039999999999996
0.05888000000000002
0.05840000000000001
0.05889999999999999
0.057540000000000015
0.057040000000000035
0.057880000000000015
0.05738000000000002
0.05728000000000003
0.05756000000000003
0.05628000000000002
0.05852000000000004
0.05784000000000003
0.05696000000000003
0.057620000000000025
0.05728000000000003
0.057260000000000026
0.056780000000000025
0.056220000000000034
0.10355999999999996
0.14876000000000003
0.18742000000000003
0.22225999999999996
0.24986000000000005
0.27408
0.28872
0.30462000000000006
0.32037999999999994
0.33569999999999994
0.34721999999999986
0.35705999999999993
0.36345999999999995
0.3709400000000001
0.37579999999999997
0.38345999999999997
0.38946
0.39316
0.39941999999999994
0.40338
0.4082399999999998
0.4104999999999999
0.4149400000000001
0.4207599999999999
0.42588000000000004
0.42762000000000017
0.42751999999999996
0.42869999999999997
0.42922000000000005
