0.0
0.0
0.0
0.0
0.0
0.0
0.0
0.0
0.0
0.0
0.0
0.0
0.0
0.0
0.0
0.0
0.0
0.0
0.0
0.0
0.0
0.0
0.0
0.0
0.0
0.0
0.0
0.0
0.0
0.0
0.11781999999999998
0.11436
0.10219999999999997
0.09373999999999999
0.09009999999999999
0.08487999999999994
0.08181999999999996
0.08013999999999999
0.0781
0.07773999999999998
0.07543999999999997
0.07395999999999997
0.07283999999999997
0.07153999999999999
0.06945999999999998
0.06849999999999999
0.06757999999999999
0.06654
0.06629999999999998
0.06512000000000001
0.06473999999999996
0.06432
0.06356000000000002
0.06287999999999999
0.06208000000000004
0.06174000000000001
0.061200000000000004
0.060740000000000016
0.06070000000000002
