0.0
0.0
0.0
0.0
0.0
0.0
0.0
0.0
0.0
0.0
0.0
0.0
0.0
0.0
0.0
0.0
0.0
0.0
0.0
0.0
0.0
0.0
0.0
0.0
0.0
0.0
0.0
0.0
0.0
0.0
0.18348000000000003
0.10660000000000004
0.0763
0.06837999999999998
0.06423999999999999
0.060360000000000025
0.058960000000000026
0.058000000000000045
0.056880000000000035
0.05690000000000005
0.05570000000000002
0.05496000000000004
0.05416000000000002
0.05342000000000002
0.053140000000000034
0.05266000000000002
0.052600000000000036
0.05190000000000003
0.05172000000000002
0.05144000000000002
0.051320000000000025
0.05104000000000003
0.050980000000000025
0.05078000000000001
0.05056000000000003
0.05046000000000003
0.050360000000000044
0.049920000000000055
0.049900000000000035
