0.21753999999999998
0.10168
0.08385999999999999
0.07729999999999998
0.0687
0.06491999999999999
0.06395999999999998
0.06446
0.06391999999999999
0.06068
0.061739999999999996
0.060039999999999996
0.05888000000000002
0.05840000000000001
0.05889999999999999
0.057540000000000015
0.057040000000000035
0.057880000000000015
0.05738000000000002
0.05728000000000003
0.05756000000000003
0.05628000000000002
0.05852000000000004
0.05784000000000003
0.05696000000000003
0.057620000000000025
0.05728000000000003
0.057260000000000026
0.056780000000000025
0.056220000000000034
0.056220000000000034
0.056220000000000034
0.056220000000000034
0.056220000000000034
0.056220000000000034
0.056220000000000034
0.056220000000000034
0.056220000000000034
0.056220000000000034
0.056220000000000034
0.056220000000000034
0.056220000000000034
0.056220000000000034
0.056220000000000034
0.056220000000000034
0.056220000000000034
0.056220000000000034
0.056220000000000034
0.056220000000000034
0.056220000000000034
0.056220000000000034
0.056220000000000034
0.056220000000000034
0.056220000000000034
0.056220000000000034
0.056220000000000034
0.056220000000000034
0.056220000000000034
0.056220000000000034