0.49794000000000005
0.48106000000000015
0.5097200000000001
0.5028200000000002
0.5004999999999998
0.49558
0.49420000000000014
0.49312
0.4999799999999999
0.5026200000000001
0.49873999999999996
0.49522
0.4966199999999999
0.50282
0.4923599999999999
0.5003599999999999
0.49428000000000005
0.49993999999999983
0.4995400000000001
0.4988800000000001
0.49622000000000005
0.5079
0.5050199999999999
0.5021599999999999
0.5002599999999999
0.4990200000000001
0.5005200000000001
0.4957800000000001
0.49448000000000003
0.4935
0.28241999999999995
0.18960000000000007
0.1476
0.11999999999999997
0.10395999999999997
0.0942
0.08733999999999996
0.07937999999999995
0.07572
0.07178
0.06937999999999997
0.06741999999999998
0.06560000000000002
0.06481999999999999
0.06338
0.0629
0.06194000000000001
0.06049999999999999
0.05996000000000002
0.06012000000000002
0.05942
0.05884
0.05852000000000001
0.05740000000000003
0.056920000000000026
0.05693999999999999
0.056380000000000034
0.05660000000000002
0.05600000000000001