0.5
0.5
0.5
0.5
0.5
0.5
0.5
0.5
0.5
0.5
0.5
0.5
0.5
0.5
0.5
0.5
0.5
0.5
0.5
0.5
0.5
0.5
0.5
0.5
0.5
0.5
0.5
0.5
0.5
0.5
0.10561999999999998
0.08379999999999999
0.07773999999999996
0.07721999999999994
0.07179999999999996
0.06926000000000002
0.06474000000000002
0.06608000000000001
0.06556000000000001
0.06716
0.06357999999999998
0.06251999999999999
0.06387999999999999
0.0639
0.0632
0.06246
0.061000000000000006
0.059540000000000017
0.058500000000000024
0.057880000000000015
0.057640000000000004
0.05710000000000003
0.05812000000000004
0.05702000000000003
0.05732000000000003
0.05690000000000002
0.057740000000000034
0.058000000000000024
0.05774000000000004