0.7757600000000001
0.89608
0.9165399999999998
0.9269000000000002
0.9341200000000004
0.9356399999999999
0.9378799999999999
0.9382200000000002
0.9371199999999997
0.94006
0.9419600000000001
0.9410800000000001
0.9402399999999999
0.9396799999999997
0.9415399999999997
0.9423200000000003
0.9428
0.9429799999999999
0.9425600000000004
0.9463000000000003
0.9449800000000002
0.9456400000000003
0.9447200000000001
0.9439200000000001
0.94516
0.94428
0.9455600000000003
0.9453000000000001
0.94446
0.9442800000000002
0.8313799999999999
0.6419400000000001
0.45225999999999994
0.3117599999999999
0.21102
0.15502000000000002
0.11664
0.09323999999999998
0.08077999999999998
0.07227999999999998
0.06731999999999999
0.06623999999999997
0.06264000000000002
0.060640000000000006
0.05927999999999999
0.05806000000000003
0.05692000000000004
0.05672000000000002
0.05660000000000002
0.05606000000000002
0.055680000000000035
0.055720000000000026
0.05600000000000003
0.055360000000000034
0.055080000000000046
0.05410000000000004
0.054380000000000026
0.05448000000000004
0.05434000000000003