0.5
0.5
0.5
0.5
0.5
0.5
0.5
0.5
0.5
0.5
0.5
0.5
0.5
0.5
0.5
0.5
0.5
0.5
0.5
0.5
0.5
0.5
0.5
0.5
0.5
0.5
0.5
0.5
0.5
0.5
0.17819999999999997
0.10460000000000003
0.0754
0.06839999999999997
0.0742
0.06460000000000002
0.06300000000000001
0.06120000000000001
0.06120000000000001
0.057600000000000054
0.056600000000000025
0.0642
0.06299999999999999
0.06140000000000001
0.06339999999999998
0.0638
0.0632
0.06020000000000003
0.060800000000000035
0.06120000000000001
0.057600000000000026
0.058600000000000006
0.05800000000000005
0.05720000000000005
0.054400000000000046
0.05420000000000005
0.05520000000000003
0.05460000000000005
0.055200000000000006