0.22587999999999997
0.10291999999999996
0.08379999999999997
0.07422000000000002
0.06573999999999999
0.06294000000000001
0.061839999999999985
0.06030000000000001
0.06174
0.060260000000000015
0.05876000000000004
0.058620000000000026
0.05830000000000002
0.05936000000000002
0.05782
0.05690000000000002
0.05614000000000002
0.05648000000000003
0.05604000000000003
0.05526000000000003
0.055240000000000046
0.053840000000000054
0.05514000000000002
0.055180000000000035
0.05436000000000002
0.05416000000000002
0.05384000000000005
0.054520000000000034
0.055360000000000034
0.055520000000000035
0.055520000000000035
0.055520000000000035
0.055520000000000035
0.055520000000000035
0.055520000000000035
0.055520000000000035
0.055520000000000035
0.055520000000000035
0.055520000000000035
0.055520000000000035
0.055520000000000035
0.055520000000000035
0.055520000000000035
0.055520000000000035
0.055520000000000035
0.055520000000000035
0.055520000000000035
0.055520000000000035
0.055520000000000035
0.055520000000000035
0.055520000000000035
0.055520000000000035
0.055520000000000035
0.055520000000000035
0.055520000000000035
0.055520000000000035
0.055520000000000035
0.055520000000000035
0.055520000000000035