0.5
0.5
0.5
0.5
0.5
0.5
0.5
0.5
0.5
0.5
0.5
0.5
0.5
0.5
0.5
0.5
0.5
0.5
0.5
0.5
0.5
0.5
0.5
0.5
0.5
0.5
0.5
0.5
0.5
0.5
0.13338
0.09161999999999995
0.08794
0.08133999999999997
0.07551999999999999
0.07324000000000001
0.07115999999999997
0.06715999999999996
0.06540000000000003
0.06486000000000003
0.06374000000000002
0.0636
0.06060000000000001
0.06116
0.06331999999999997
0.06132000000000001
0.06038
0.058820000000000004
0.057840000000000044
0.05744000000000002
0.056760000000000005
0.057660000000000024
0.05908000000000002
0.057680000000000016
0.05650000000000002
0.056700000000000035
0.05648000000000003
0.05578000000000001
0.055560000000000026
