0.5
0.5
0.5
0.5
0.5
0.5
0.5
0.5
0.5
0.5
0.5
0.5
0.5
0.5
0.5
0.5
0.5
0.5
0.5
0.5
0.5
0.5
0.5
0.5
0.5
0.5
0.5
0.5
0.5
0.5
0.12812
0.10711999999999998
0.09857999999999999
0.08852
0.08487999999999996
0.08239999999999995
0.08103999999999997
0.07869999999999995
0.07617999999999997
0.07490000000000001
0.07315999999999999
0.07128000000000002
0.06957999999999998
0.06792
0.06719999999999998
0.06665999999999998
0.06581999999999998
0.06521999999999999
0.06453999999999997
0.06377999999999999
0.06344000000000001
0.06269999999999999
0.06238
0.06201999999999999
0.06152
0.06121999999999999
0.061120000000000035
0.06108000000000002
0.060800000000000035