0.22931999999999994
0.11537999999999997
0.08444000000000003
0.07124000000000001
0.06759999999999997
0.06342000000000002
0.06181999999999999
0.059539999999999996
0.05859999999999999
0.057280000000000025
0.056760000000000005
0.05628000000000004
0.05622000000000002
0.05574000000000003
0.05504000000000003
0.05482000000000005
0.05384000000000003
0.05376000000000005
0.05348000000000003
0.05318000000000003
0.052660000000000054
0.052080000000000036
0.051840000000000046
0.051940000000000056
0.051800000000000034
0.05140000000000006
0.05116000000000005
0.05070000000000005
0.050380000000000036
0.050380000000000036
0.05174000000000005
0.050380000000000036
0.05036000000000005
0.05040000000000004
0.050380000000000036
0.050380000000000036
0.050380000000000036
0.050380000000000036
0.050380000000000036
0.050380000000000036
0.050380000000000036
0.050380000000000036
0.050380000000000036
0.050380000000000036
0.050380000000000036
0.050380000000000036
0.050380000000000036
0.050380000000000036
0.050380000000000036
0.050380000000000036
0.050380000000000036
0.050380000000000036
0.050380000000000036
0.050380000000000036
0.050380000000000036
0.050380000000000036
0.050380000000000036
0.050380000000000036
0.050380000000000036
