0.5
0.5
0.5
0.5
0.5
0.5
0.5
0.5
0.5
0.5
0.5
0.5
0.5
0.5
0.5
0.5
0.5
0.5
0.5
0.5
0.5
0.5
0.5
0.5
0.5
0.5
0.5
0.5
0.5
0.5
0.21614000000000005
0.10028000000000001
0.07795999999999999
0.07184000000000001
0.06578
0.06318
0.06122000000000002
0.059280000000000006
0.05834000000000002
0.05760000000000001
0.05676000000000002
0.05596000000000003
0.05540000000000002
0.05478000000000001
0.05474000000000002
0.054040000000000026
0.05342000000000002
0.05282000000000002
0.052200000000000024
0.051700000000000024
0.05154000000000004
0.05170000000000002
0.05150000000000004
0.051540000000000044
0.051220000000000064
0.051220000000000036
0.050920000000000035
0.05060000000000002
0.05046000000000003
