0.2229000000000001
0.11185999999999996
0.08277999999999996
0.06967999999999998
0.06354000000000001
0.061560000000000004
0.05892
0.058180000000000016
0.05690000000000001
0.05594000000000002
0.055520000000000014
0.05502
0.054600000000000024
0.05400000000000002
0.05376
0.05356000000000003
0.05334000000000001
0.05308000000000005
0.05316000000000003
0.05274000000000003
0.05274000000000004
0.05252000000000002
0.05246000000000002
0.052360000000000025
0.05244000000000002
0.05230000000000004
0.05198000000000004
0.051840000000000025
0.05132000000000003
0.051440000000000034
0.051440000000000034
0.051440000000000034
0.051440000000000034
0.051440000000000034
0.051440000000000034
0.051440000000000034
0.051440000000000034
0.051440000000000034
0.051440000000000034
0.051440000000000034
0.051440000000000034
0.051440000000000034
0.051440000000000034
0.051440000000000034
0.051440000000000034
0.051440000000000034
0.051440000000000034
0.051440000000000034
0.051440000000000034
0.051440000000000034
0.051440000000000034
0.051440000000000034
0.051440000000000034
0.051440000000000034
0.051440000000000034
0.051440000000000034
0.051440000000000034
0.051440000000000034
0.051440000000000034