0.5
0.5
0.5
0.5
0.5
0.5
0.5
0.5
0.5
0.5
0.5
0.5
0.5
0.5
0.5
0.5
0.5
0.5
0.5
0.5
0.5
0.5
0.5
0.5
0.5
0.5
0.5
0.5
0.5
0.5
0.45952000000000015
0.42178000000000004
0.4000800000000001
0.37028000000000005
0.3616
0.3255200000000001
0.31983999999999996
0.2978800000000001
0.28432
0.27415999999999996
0.2676
0.25526000000000004
0.24444000000000002
0.24032
0.23175999999999994
0.22318
0.21614
0.21221999999999994
0.20881999999999998
0.20465999999999998
0.19511999999999993
0.191
0.18802000000000002
0.1783600000000001
0.18108000000000002
0.17380000000000004
0.17548000000000002
0.16996
0.16810000000000003
