0.10899999999999999
0.10899999999999999
0.10899999999999999
0.07981999999999999
0.0702
0.06298000000000004
0.05944000000000001
0.06064000000000002
0.05344000000000003
0.05792
0.056340000000000015
0.056780000000000025
0.05348000000000004
0.05264000000000004
0.05402000000000004
0.05394000000000006
0.05360000000000001
0.05388000000000006
0.053640000000000035
0.05440000000000003
0.05204000000000005
0.053559999999999997
0.05258000000000003
0.05286000000000003
0.05368000000000002
0.053220000000000024
0.05314000000000002
0.052000000000000046
0.05352000000000004
0.05334000000000001
0.057840000000000016
0.061880000000000004
0.06248000000000001
0.06678
0.07229999999999998
0.07805999999999995
0.08181999999999996
0.08679999999999995
0.09611999999999998
0.09902
0.10189999999999998
0.10755999999999996
0.11037999999999995
0.11347999999999997
0.11747999999999999
0.12362000000000002
0.12826
0.13067999999999996
0.13512000000000002
0.13226000000000002
0.14230000000000004
0.1497200000000001
0.15130000000000007
0.15686000000000005
0.15364000000000005
0.15728000000000003
0.16269999999999993
0.16134000000000004
0.16886000000000004
