0.10899999999999999
0.10899999999999999
0.10899999999999999
0.07981999999999999
0.0702
0.06298000000000004
0.05944000000000001
0.06064000000000002
0.05344000000000003
0.05792
0.056340000000000015
0.056780000000000025
0.05348000000000004
0.05264000000000004
0.05402000000000004
0.05394000000000006
0.05360000000000001
0.05388000000000006
0.053640000000000035
0.05440000000000003
0.05204000000000005
0.053559999999999997
0.05258000000000003
0.05286000000000003
0.05368000000000002
0.053220000000000024
0.05314000000000002
0.052000000000000046
0.05352000000000004
0.05334000000000001
0.05334000000000001
0.05334000000000001
0.05334000000000001
0.05334000000000001
0.05334000000000001
0.05334000000000001
0.05334000000000001
0.05334000000000001
0.05334000000000001
0.05334000000000001
0.05334000000000001
0.05334000000000001
0.05334000000000001
0.05334000000000001
0.05334000000000001
0.05334000000000001
0.05334000000000001
0.05334000000000001
0.05334000000000001
0.05334000000000001
0.05334000000000001
0.05334000000000001
0.05334000000000001
0.05334000000000001
0.05334000000000001
0.05334000000000001
0.05334000000000001
0.05334000000000001
0.05334000000000001