0.10902000000000003
0.10902000000000003
0.10902000000000003
0.07693999999999997
0.06838
0.06436000000000003
0.06377999999999999
0.06119999999999999
0.05608000000000006
0.058940000000000034
0.055480000000000015
0.05346000000000002
0.056380000000000034
0.05570000000000002
0.05766000000000002
0.05380000000000003
0.05514000000000003
0.05166000000000004
0.054020000000000026
0.05438000000000006
0.054300000000000036
0.05506000000000001
0.054660000000000056
0.053580000000000044
0.05344000000000006
0.05564000000000004
0.055180000000000035
0.050640000000000046
0.054220000000000025
0.052980000000000055
0.05588000000000001
0.06114000000000003
0.06777999999999999
0.08041999999999998
0.09585999999999997
0.10309999999999998
0.11974
0.13716
0.15
0.16899999999999998
0.18989999999999999
0.20846
0.22749999999999995
0.24496
0.26478000000000007
0.28476
0.30378
0.32622
0.34456000000000003
0.35565999999999987
0.37472
0.3912999999999998
0.4053400000000002
0.42272
0.44326000000000015
0.4627600000000001
0.47478000000000004
0.4844200000000001
0.49637999999999993
