0.5
0.5
0.5
0.5
0.5
0.5
0.5
0.5
0.5
0.5
0.5
0.5
0.5
0.5
0.5
0.5
0.5
0.5
0.5
0.5
0.5
0.5
0.5
0.5
0.5
0.5
0.5
0.5
0.5
0.5
0.9427200000000003
0.9392199999999998
0.9311200000000001
0.9203400000000002
0.9084600000000002
0.8945000000000002
0.88068
0.86068
0.8465
0.8344799999999999
0.8095200000000002
0.7941399999999997
0.7741600000000003
0.7553600000000001
0.7309399999999999
0.7134799999999997
0.7014400000000001
0.67714
0.66096
0.64106
0.62324
0.6075399999999999
0.59138
0.5716399999999999
0.5584800000000001
0.5385
0.5218400000000001
0.5195199999999998
0.5030999999999999
