0.10899999999999999
0.10899999999999999
0.10899999999999999
0.07981999999999999
0.0702
0.06298000000000004
0.05944000000000001
0.06064000000000002
0.05344000000000003
0.05792
0.056340000000000015
0.056780000000000025
0.05348000000000004
0.05264000000000004
0.05402000000000004
0.05394000000000006
0.05360000000000001
0.05388000000000006
0.053640000000000035
0.05440000000000003
0.05204000000000005
0.053559999999999997
0.05258000000000003
0.05286000000000003
0.05368000000000002
0.053220000000000024
0.05314000000000002
0.052000000000000046
0.05352000000000004
0.05334000000000001
0.05320000000000002
0.052920000000000036
0.05208000000000003
0.05262000000000002
0.05242000000000003
0.05140000000000006
0.051760000000000035
0.05196000000000003
0.053000000000000026
0.053120000000000035
0.05132000000000003
0.052820000000000034
0.05104000000000003
0.05062000000000004
0.05214000000000004
0.05258000000000003
0.053080000000000016
0.052000000000000046
0.05188000000000002
0.04868000000000006
0.05134000000000006
0.05280000000000003
0.05152000000000004
0.052340000000000025
0.05052000000000002
0.052820000000000034
0.05068000000000006
0.05106000000000005
0.05068000000000003
