0.10965999999999998
0.10965999999999998
0.10965999999999998
0.07792
0.07094000000000002
0.06426000000000003
0.06046000000000002
0.05998000000000001
0.05406000000000002
0.05764000000000001
0.05694000000000003
0.05844000000000001
0.05344
0.05392000000000003
0.05374000000000004
0.05600000000000005
0.05254000000000003
0.05294000000000002
0.053480000000000055
0.053460000000000035
0.05306000000000007
0.05400000000000004
0.05218000000000003
0.052600000000000036
0.053240000000000044
0.05288000000000002
0.05270000000000003
0.05174000000000003
0.05306000000000004
0.053820000000000034
0.054560000000000025
0.05424000000000001
0.052100000000000014
0.05300000000000004
0.05428000000000002
0.05250000000000002
0.05266000000000002
0.05414000000000004
0.054280000000000016
0.05512000000000003
0.05374000000000003
0.054280000000000043
0.05114000000000005
0.05278000000000003
0.05398000000000005
0.05316000000000003
0.05408000000000006
0.05424000000000003
0.05206000000000002
0.050960000000000054
0.05294000000000004
0.05488000000000004
0.051800000000000034
0.05336000000000002
0.05176000000000005
0.055020000000000034
0.05348000000000003
0.05212000000000005
0.05342000000000002
