0.5
0.5
0.5
0.5
0.5
0.5
0.5
0.5
0.5
0.5
0.5
0.5
0.5
0.5
0.5
0.5
0.5
0.5
0.5
0.5
0.5
0.5
0.5
0.5
0.5
0.5
0.5
0.5
0.5
0.5
0.1115
0.10151999999999997
0.09585999999999999
0.08967999999999998
0.08609999999999995
0.08227999999999998
0.08061999999999997
0.07275999999999998
0.07457999999999998
0.07046
0.06942
0.06853999999999998
0.06442000000000002
0.06491999999999999
0.06627999999999998
0.0644
0.0649
0.06203999999999997
0.06020000000000001
0.05998000000000001
0.059500000000000025
0.05960000000000003
0.062300000000000015
0.060860000000000004
0.05878000000000002
0.05927999999999999
0.05912000000000003
0.056980000000000024
0.058480000000000004
