0.5
0.5
0.5
0.5
0.5
0.5
0.5
0.5
0.5
0.5
0.5
0.5
0.5
0.5
0.5
0.5
0.5
0.5
0.5
0.5
0.5
0.5
0.5
0.5
0.5
0.5
0.5
0.5
0.5
0.5
0.08416000000000004
0.061500000000000006
0.053720000000000045
0.05396000000000004
0.05198000000000002
0.05256000000000004
0.05260000000000002
0.051500000000000046
0.05042000000000005
0.05026000000000004
0.05052000000000003
0.04954000000000004
0.05018000000000005
0.05090000000000006
0.051040000000000044
0.049520000000000036
0.04974000000000005
0.04898000000000006
0.04808000000000005
0.046740000000000045
0.047020000000000034
0.05028000000000004
0.048640000000000023
0.04994000000000006
0.04730000000000005
0.049780000000000026
0.04888000000000004
0.04778000000000003
0.047200000000000034
