0.5
0.5
0.5
0.5
0.5
0.5
0.5
0.5
0.5
0.5
0.5
0.5
0.5
0.5
0.5
0.5
0.5
0.5
0.5
0.5
0.5
0.5
0.5
0.5
0.5
0.5
0.5
0.5
0.5
0.5
0.23632
0.10121999999999998
0.07757999999999998
0.06384000000000002
0.05836
0.05934000000000002
0.05774000000000003
0.05794000000000002
0.05486000000000001
0.05705999999999999
0.05450000000000002
0.05340000000000003
0.05612000000000001
0.05500000000000002
0.05404000000000002
0.053600000000000037
0.05222000000000004
0.05278000000000004
0.05210000000000004
0.05142000000000003
0.05010000000000004
0.05374000000000004
0.051760000000000035
0.05290000000000005
0.052120000000000034
0.053700000000000025
0.05210000000000003
0.05172000000000003
0.04974000000000003
