0.11379999999999997
0.11379999999999997
0.11379999999999997
0.08330000000000001
0.07211999999999998
0.06573999999999999
0.06602000000000002
0.06124
0.05814000000000002
0.0577
0.05752000000000001
0.05450000000000003
0.05566000000000002
0.055440000000000024
0.05524000000000004
0.053520000000000054
0.05482000000000003
0.05316000000000003
0.05400000000000002
0.05454000000000004
0.05360000000000001
0.05484000000000003
0.05440000000000004
0.05364000000000004
0.054300000000000036
0.054440000000000044
0.05506000000000002
0.05170000000000005
0.05318000000000004
0.05472000000000002
0.05472000000000002
0.05472000000000002
0.05472000000000002
0.05472000000000002
0.05472000000000002
0.05472000000000002
0.05472000000000002
0.05472000000000002
0.05472000000000002
0.05472000000000002
0.05472000000000002
0.05472000000000002
0.05472000000000002
0.05472000000000002
0.05472000000000002
0.05472000000000002
0.05472000000000002
0.05472000000000002
0.05472000000000002
0.05472000000000002
0.05472000000000002
0.05472000000000002
0.05472000000000002
0.05472000000000002
0.05472000000000002
0.05472000000000002
0.05472000000000002
0.05472000000000002
0.05472000000000002
