0.11379999999999997
0.11379999999999997
0.11379999999999997
0.08330000000000001
0.07211999999999998
0.06573999999999999
0.06602000000000002
0.06124
0.05814000000000002
0.0577
0.05752000000000001
0.05450000000000003
0.05566000000000002
0.055440000000000024
0.05524000000000004
0.053520000000000054
0.05482000000000003
0.05316000000000003
0.05400000000000002
0.05454000000000004
0.05360000000000001
0.05484000000000003
0.05440000000000004
0.05364000000000004
0.054300000000000036
0.054440000000000044
0.05506000000000002
0.05170000000000005
0.05318000000000004
0.05472000000000002
0.050900000000000035
0.04980000000000004
0.048680000000000036
0.04970000000000002
0.051280000000000034
0.04760000000000006
0.04892000000000005
0.04942000000000005
0.04864000000000006
0.048400000000000054
0.04834000000000003
0.04894000000000004
0.04822000000000005
0.04808000000000004
0.047160000000000035
0.04634000000000004
0.04862000000000005
0.04832000000000004
0.048780000000000025
0.047800000000000044
0.04778000000000003
0.04750000000000004
0.04900000000000004
0.04832000000000005
0.049180000000000064
0.049660000000000044
0.04772000000000004
0.04846000000000002
0.04892000000000004
